4.526520996093750000e+02
2.499415588378906250e+02
1.927507324218750000e+02
1.326347503662109375e+02
3.436744384765625000e+02
2.382807769775390625e+02
5.505367431640625000e+02
2.971732482910156250e+02
2.313795623779296875e+02
1.650349578857421875e+02
3.918948059082031250e+02
1.732433319091796875e+02
1.915153350830078125e+02
3.659515762329101562e+01
7.849912109375000000e+02
5.068206481933593750e+02
3.918609924316406250e+02
4.795793762207031250e+02
1.373325347900390625e+02
7.318867187500000000e+02
2.715867004394531250e+02
1.811200256347656250e+02
5.103580627441406250e+02
1.315837402343750000e+02
3.595658569335937500e+02
6.807975463867187500e+02
7.710681762695312500e+02
4.252872009277343750e+02
1.842260131835937500e+02
1.289958038330078125e+02
8.343057250976562500e+02
5.307852783203125000e+02
3.881330261230468750e+02
9.375154876708984375e+01
7.627168579101562500e+02
2.740583801269531250e+02
2.343894195556640625e+02
5.342038574218750000e+02
2.752862854003906250e+02
8.462865600585937500e+02
3.904301757812500000e+02
9.361426391601562500e+02
8.873069458007812500e+02
3.246990966796875000e+02
6.001801147460937500e+02
9.607960205078125000e+02
6.144304809570312500e+02
6.853127288818359375e+01
5.539501953125000000e+02
6.193820190429687500e+02
2.146129150390625000e+02
3.759803771972656250e+02
7.036134643554687500e+02
5.382639770507812500e+02
3.737577209472656250e+02
3.420575561523437500e+02
1.036058105468750000e+03
3.720488891601562500e+02
9.951165771484375000e+01
4.865914001464843750e+02
3.222840576171875000e+02
7.662341918945312500e+02
1.002321289062500000e+03
4.862005310058593750e+02
3.085317687988281250e+02
2.475286407470703125e+02
2.783164062500000000e+02
2.135874938964843750e+02
2.694035339355468750e+02
1.253807449340820312e+02
1.547770690917968750e+02
2.167242431640625000e+02
4.880381774902343750e+02
2.955031433105468750e+02
1.651216735839843750e+02
2.170201721191406250e+02
4.598693542480468750e+02
2.406971435546875000e+02
6.709160156250000000e+02
6.042913818359375000e+02
3.620024719238281250e+02
3.887937622070312500e+02
6.075514526367187500e+02
2.395726165771484375e+02
7.241833496093750000e+02
6.945741577148437500e+02
4.214175720214843750e+02
3.201671447753906250e+02
3.034391784667968750e+02
7.035110473632812500e+02
3.854465637207031250e+02
4.457044372558593750e+02
8.166513671875000000e+02
6.815289916992187500e+02
4.141905212402343750e+02
4.819673767089843750e+02
6.902155761718750000e+02
7.401427001953125000e+02
1.554928894042968750e+02
2.254258422851562500e+02
7.112507934570312500e+02
1.500809020996093750e+02
6.656358032226562500e+02
3.079075622558593750e+02
1.016049377441406250e+03
4.485513916015625000e+02
3.145084228515625000e+02
9.489791870117187500e+01
4.535358581542968750e+02
7.151629028320312500e+02
2.958341674804687500e+02
4.331529541015625000e+02
2.801783447265625000e+02
2.770690307617187500e+02
8.013684692382812500e+02
2.308963317871093750e+02
1.630325622558593750e+02
3.003298645019531250e+02
3.780884399414062500e+02
6.834042968750000000e+02
4.834617919921875000e+02
3.464555358886718750e+02
4.477070617675781250e+02
4.764433288574218750e+02
4.208275451660156250e+02
5.368510131835937500e+02
3.759038391113281250e+02
2.036218872070312500e+02
3.173038024902343750e+02
3.033525695800781250e+02
1.719100952148437500e+02
8.212609252929687500e+02
5.596659545898437500e+02
3.575715637207031250e+02
2.533078918457031250e+02
3.333346252441406250e+02
4.611653442382812500e+02
4.500724487304687500e+02
5.167501831054687500e+01
3.441203613281250000e+02
6.259926147460937500e+02
4.250658798217773438e+01
3.063425292968750000e+02
5.683095092773437500e+02
1.556086273193359375e+02
4.237103881835937500e+02
3.798538513183593750e+02
7.078032226562500000e+02
2.051142425537109375e+02
1.244403305053710938e+02
6.606146240234375000e+02
4.040305480957031250e+02
4.037355651855468750e+02
4.945813293457031250e+02
3.989148254394531250e+02
4.919524536132812500e+02
3.641867065429687500e+01
1.247491455078125000e+02
3.475796203613281250e+02
1.155731124877929688e+02
1.539445953369140625e+02
6.394270019531250000e+02
5.655504760742187500e+02
9.813305664062500000e+02
7.548485717773437500e+02
4.223786926269531250e+02
7.532911376953125000e+02
2.170048065185546875e+02
5.617894287109375000e+02
5.085158691406250000e+02
4.112644042968750000e+02
1.467651672363281250e+02
7.168294677734375000e+02
2.061162414550781250e+02
5.680170288085937500e+02
6.535394897460937500e+02
2.807506408691406250e+02
2.091685180664062500e+02
3.305490112304687500e+02
2.156072692871093750e+02
8.160620117187500000e+02
4.055246887207031250e+02
6.923391723632812500e+02
4.048742980957031250e+02
3.245628051757812500e+02
2.066849822998046875e+02
1.541909942626953125e+02
1.442829589843750000e+02
9.268071746826171875e+01
5.065620117187500000e+02
4.367207031250000000e+02
1.054801940917968750e+02
7.277800292968750000e+02
4.930586853027343750e+02
3.224388122558593750e+02
6.166382446289062500e+02
3.378556213378906250e+02
2.262980041503906250e+02
1.043034545898437500e+03
3.927319335937500000e+01
2.390003967285156250e+02
5.110011291503906250e+02
5.780383300781250000e+02
7.600259399414062500e+02
3.506386413574218750e+02
2.979735412597656250e+02
2.334502601623535156e+01
4.752001342773437500e+02
3.485371093750000000e+02
5.704596557617187500e+02
4.622506332397460938e+01
4.083668212890625000e+02
7.007654571533203125e+01
4.043972167968750000e+02
4.383210754394531250e+02
2.597864685058593750e+02
5.368701171875000000e+02
2.790035400390625000e+02
6.987829589843750000e+02
9.283876953125000000e+02
9.272177124023437500e+01
6.309265747070312500e+02
3.444390258789062500e+02
4.797121276855468750e+02
7.251194458007812500e+02
6.359934692382812500e+02
9.856525878906250000e+02
4.563101806640625000e+02
7.045953979492187500e+02
4.557105712890625000e+02
7.635542602539062500e+02
2.888837280273437500e+02
1.202522811889648438e+02
3.873477172851562500e+02
4.864878845214843750e+02
6.273028564453125000e+02
6.237846679687500000e+02
3.561072692871093750e+02
8.805783691406250000e+02
2.306644439697265625e+02
4.287523803710937500e+02
6.977972412109375000e+02
6.279597778320312500e+02
1.356825866699218750e+02
2.740188598632812500e+02
2.291181182861328125e+02
7.113165283203125000e+02
5.965614624023437500e+02
6.737445678710937500e+02
7.042460937500000000e+02
2.806825866699218750e+02
2.218011779785156250e+02
2.297236175537109375e+02
1.044063354492187500e+03
1.667972717285156250e+02
7.616790008544921875e+01
8.980171508789062500e+02
2.306368103027343750e+02
2.493409118652343750e+02
6.898671264648437500e+02
2.249795989990234375e+02
4.702185058593750000e+02
4.469094085693359375e+01
7.303947753906250000e+02
5.322939453125000000e+02
5.982200317382812500e+02
5.322083740234375000e+02
5.552376708984375000e+02
2.498518676757812500e+02
2.292763519287109375e+02
3.049522399902343750e+02
2.772537231445312500e+02
7.736590576171875000e+02
7.528624267578125000e+02
4.158628540039062500e+02
3.464134521484375000e+02
3.477087707519531250e+02
7.017750244140625000e+02
5.398496093750000000e+02
1.586766052246093750e+02
4.328195495605468750e+02
8.859525756835937500e+02
1.516790313720703125e+02
4.097475280761718750e+02
6.282235107421875000e+02
3.627786865234375000e+02
6.487216796875000000e+02
1.709726104736328125e+02
5.001477050781250000e+02
3.346575317382812500e+02
1.704876251220703125e+02
1.608620300292968750e+02
3.556508483886718750e+02
1.792150573730468750e+02
3.271064758300781250e+02
8.590274658203125000e+02
2.558438110351562500e+02
5.864284667968750000e+02
5.734916381835937500e+02
5.031322021484375000e+02
3.236371154785156250e+02
3.104156494140625000e+02
4.071699218750000000e+02
2.541496276855468750e+02
3.332019958496093750e+02
2.050789642333984375e+02
4.831633300781250000e+02
5.542916870117187500e+02
2.181729583740234375e+02
7.515294647216796875e+01
1.739827423095703125e+02
5.267938842773437500e+02
1.487049102783203125e+02
4.643258361816406250e+02
7.040335693359375000e+02
5.080297546386718750e+02
1.063188552856445312e+02
6.717882690429687500e+02
8.413221435546875000e+02
8.959583740234375000e+02
5.185177612304687500e+02
6.334927368164062500e+02
1.043049438476562500e+03
3.026635742187500000e+02
3.677857055664062500e+02
3.391063537597656250e+02
4.029271240234375000e+02
6.555220336914062500e+02
8.448177490234375000e+02
7.916453857421875000e+02
2.811822814941406250e+02
5.973639526367187500e+02
2.985854492187500000e+02
1.317381744384765625e+02
1.831930084228515625e+02
2.645912475585937500e+02
4.088829345703125000e+02
2.413795928955078125e+02
2.691593933105468750e+02
1.078899765014648438e+02
3.148780212402343750e+02
4.700968627929687500e+02
6.435578613281250000e+02
4.474111328125000000e+02
6.279919815063476562e+01
7.170712280273437500e+02
2.551799774169921875e+02
4.569934997558593750e+02
1.787655944824218750e+02
6.006659545898437500e+02
3.774510803222656250e+02
1.076098876953125000e+03
6.167304687500000000e+02
1.096862182617187500e+03
2.398449249267578125e+02
7.399476318359375000e+02
5.022862243652343750e+02
2.689752197265625000e+02
9.510684967041015625e+01
5.601636962890625000e+02
3.011715087890625000e+02
5.060031738281250000e+02
1.483915863037109375e+02
2.070552673339843750e+02
2.972981262207031250e+02
5.873307495117187500e+02
1.396251678466796875e+02
5.001675109863281250e+02
3.265141906738281250e+02
5.051000976562500000e+02
1.371987609863281250e+02
4.095878906250000000e+02
1.218369369506835938e+02
4.460902099609375000e+02
5.827548217773437500e+02
1.392564239501953125e+02
4.498191223144531250e+02
4.112005615234375000e+02
2.823994445800781250e+02
6.865339965820312500e+02
3.490630187988281250e+02
4.081211853027343750e+02
1.633202972412109375e+02
6.022773437500000000e+02
2.351647338867187500e+02
5.899875488281250000e+02
1.241310958862304688e+02
4.985463562011718750e+02
5.489044189453125000e+02
1.061980819702148438e+02
6.950057983398437500e+02
8.454562377929687500e+02
6.547049560546875000e+02
9.573681030273437500e+02
1.318437957763671875e+02
3.891930847167968750e+02
4.228167114257812500e+02
6.061185302734375000e+02
6.264771728515625000e+02
5.997142333984375000e+02
2.797305603027343750e+02
9.292077636718750000e+02
6.637887573242187500e+02
9.636636352539062500e+01
9.532021331787109375e+01
3.399362182617187500e+02
2.420066986083984375e+02
3.734622192382812500e+02
5.375202636718750000e+02
1.653882141113281250e+02
9.221790771484375000e+02
4.355984802246093750e+02
1.114956970214843750e+02
4.359396057128906250e+02
5.158737945556640625e+01
1.556707458496093750e+02
6.575097045898437500e+02
3.095750732421875000e+02
1.937939453125000000e+02
5.571137084960937500e+02
4.943841247558593750e+02
5.491458129882812500e+02
4.410634460449218750e+02
5.104080200195312500e+02
8.573313598632812500e+02
8.844232788085937500e+02
2.892853393554687500e+02
5.993459472656250000e+02
1.286929626464843750e+02
8.345042724609375000e+02
3.579248046875000000e+02
2.281148223876953125e+02
4.877899475097656250e+02
2.181643829345703125e+02
3.944862670898437500e+02
7.224252319335937500e+02
3.098448791503906250e+02
4.973147888183593750e+02
5.697343139648437500e+02
4.887728271484375000e+02
4.808786315917968750e+02
1.079685974121093750e+02
8.638388671875000000e+02
2.439574432373046875e+02
6.880860595703125000e+02
5.512799682617187500e+02
5.135095214843750000e+02
3.213697204589843750e+02
5.037957153320312500e+02
3.732428283691406250e+02
4.378505859375000000e+02
1.847113189697265625e+02
7.742896118164062500e+02
4.784252624511718750e+02
4.450178527832031250e+02
5.095952758789062500e+02
9.371797485351562500e+02
5.937144165039062500e+02
6.465992431640625000e+02
5.458194580078125000e+02
3.267396850585937500e+02
7.384847412109375000e+02
1.119590530395507812e+02
4.304342346191406250e+02
5.365958862304687500e+02
1.090072402954101562e+02
2.231715240478515625e+02
5.218035278320312500e+02
4.486233825683593750e+02
4.937898864746093750e+02
4.364177551269531250e+02
5.946078491210937500e+02
7.321250610351562500e+02
7.268024291992187500e+02
6.960661621093750000e+02
3.668458862304687500e+02
1.876579132080078125e+02
4.607751159667968750e+02
3.192637023925781250e+02
3.163088073730468750e+02
2.572822875976562500e+02
3.077243957519531250e+02
3.451078491210937500e+02
3.033730773925781250e+02
7.865219116210937500e+01
4.322142333984375000e+02
8.653454589843750000e+02
7.382243347167968750e+01
4.306379394531250000e+02
7.488308105468750000e+02
4.201350097656250000e+02
8.127366333007812500e+02
5.426339721679687500e+02
1.297016448974609375e+02
8.386290893554687500e+02
6.887109375000000000e+02
7.785845336914062500e+02
3.061428833007812500e+02
3.542694702148437500e+02
1.146445312500000000e+02
1.020168838500976562e+02
5.905167236328125000e+02
5.537141113281250000e+02
1.669654693603515625e+02
6.277671508789062500e+02
4.247347106933593750e+02
2.311475830078125000e+02
6.298848876953125000e+02
2.483349304199218750e+02
4.444444885253906250e+02
3.775544738769531250e+02
8.887127685546875000e+02
2.145419921875000000e+02
7.943727874755859375e+01
4.613425598144531250e+02
6.171149902343750000e+02
5.511286010742187500e+02
5.403945312500000000e+02
3.068607788085937500e+02
1.347683715820312500e+02
3.664419250488281250e+02
5.733024902343750000e+02
5.179528808593750000e+02
1.498294830322265625e+02
2.311854553222656250e+02
1.009194030761718750e+02
2.877006225585937500e+02
6.510736083984375000e+02
6.146874389648437500e+02
5.272600097656250000e+02
3.997388305664062500e+02
4.503742980957031250e+02
2.872199707031250000e+02
6.600443267822265625e+01
3.871841430664062500e+02
3.032598266601562500e+02
2.447996520996093750e+02
4.087183837890625000e+02
2.418206634521484375e+02
3.879266052246093750e+02
2.339333038330078125e+02
2.057921600341796875e+02
4.426351623535156250e+02
6.820422973632812500e+02
4.770054321289062500e+02
2.615830383300781250e+02
3.531109619140625000e+02
4.654110107421875000e+02
7.357612304687500000e+02
4.474752502441406250e+02
6.630144653320312500e+02
3.715370483398437500e+02
7.985916748046875000e+02
3.721800842285156250e+02
7.040576782226562500e+02
4.888084411621093750e+02
6.200149536132812500e+01
4.095266723632812500e+02
3.943130111694335938e+01
7.004345092773437500e+02
6.072206420898437500e+02
7.656714477539062500e+02
3.593912048339843750e+02
1.659497070312500000e+02
2.462013702392578125e+02
3.042910461425781250e+02
5.333991088867187500e+02
2.834761962890625000e+02
6.188569946289062500e+02
3.852586059570312500e+02
3.088646545410156250e+02
1.096313476562500000e+03
1.659980010986328125e+02
6.013748779296875000e+02
6.080620727539062500e+02
3.824577026367187500e+02
2.908536682128906250e+02
1.470424652099609375e+02
3.479164123535156250e+02
7.533463134765625000e+02
7.609939575195312500e+02
8.154124145507812500e+02
7.173170776367187500e+02
5.942805786132812500e+02
1.969357604980468750e+02
1.283983917236328125e+02
2.167665252685546875e+02
6.147991333007812500e+02
5.841815795898437500e+02
3.797435913085937500e+02
4.404054565429687500e+02
8.142703247070312500e+02
2.314837951660156250e+02
2.839966735839843750e+02
3.364994201660156250e+02
3.049715270996093750e+02
1.596274108886718750e+02
2.856538696289062500e+02
6.803711547851562500e+02
1.841163330078125000e+02
1.925242462158203125e+02
1.766359863281250000e+02
3.329811401367187500e+02
5.028796691894531250e+02
5.607952880859375000e+02
6.326942138671875000e+02
6.009044799804687500e+02
5.018290405273437500e+02
5.554088134765625000e+02
6.224293212890625000e+02
4.915171508789062500e+02
1.070059204101562500e+02
4.529424438476562500e+02
2.952783203125000000e+02
3.142328186035156250e+02
2.182410125732421875e+02
1.574681396484375000e+02
6.761408691406250000e+02
2.210748748779296875e+02
4.288305358886718750e+02
3.750851745605468750e+02
5.224865112304687500e+02
4.334202575683593750e+02
5.650519409179687500e+02
8.268632812500000000e+02
3.538006286621093750e+02
8.700291137695312500e+02
6.455946655273437500e+02
4.820699462890625000e+02
6.196468505859375000e+02
2.240816192626953125e+02
2.637901306152343750e+02
3.079522399902343750e+02
1.761759338378906250e+02
9.073913574218750000e+02
4.898095703125000000e+02
2.567001342773437500e+02
2.301164245605468750e+02
9.415802612304687500e+02
3.476925964355468750e+02
7.037816162109375000e+02
5.627243041992187500e+02
5.055309143066406250e+02
5.979240112304687500e+02
3.575999450683593750e+02
5.627889404296875000e+02
5.866680908203125000e+02
6.630850219726562500e+02
1.315176696777343750e+02
4.734372558593750000e+02
3.752453308105468750e+02
5.461804809570312500e+02
5.081873474121093750e+02
7.823671264648437500e+02
1.236681213378906250e+02
2.202331237792968750e+02
5.540672607421875000e+02
3.563114013671875000e+02
6.642720336914062500e+02
2.973502807617187500e+02
5.305671997070312500e+02
6.658638916015625000e+02
2.377730407714843750e+02
1.013396759033203125e+02
7.436212768554687500e+02
4.760025405883789062e+01
6.486997070312500000e+02
5.373394775390625000e+02
3.567978210449218750e+02
6.336392211914062500e+02
3.621927490234375000e+02
5.557068481445312500e+02
3.431934509277343750e+02
3.130007324218750000e+02
9.135369262695312500e+02
9.721621093750000000e+02
4.378175048828125000e+02
3.096788330078125000e+02
8.633920288085937500e+02
3.288235168457031250e+02
2.082011566162109375e+02
7.475445556640625000e+02
1.176944198608398438e+02
4.313316650390625000e+02
2.214052581787109375e+02
8.901057739257812500e+02
5.950549316406250000e+02
4.166114501953125000e+02
2.148098602294921875e+02
5.283069458007812500e+02
7.991796875000000000e+02
3.720429382324218750e+02
5.104525451660156250e+02
3.391950378417968750e+02
2.885418701171875000e+02
4.761597290039062500e+02
4.827703857421875000e+02
6.887162475585937500e+02
2.680769653320312500e+02
5.870721435546875000e+02
3.169986572265625000e+02
1.641415252685546875e+02
8.965711669921875000e+02
4.998751525878906250e+02
7.046505737304687500e+02
5.560058593750000000e+02
5.896827392578125000e+02
5.247258300781250000e+02
3.071161499023437500e+02
3.435884399414062500e+02
5.310213012695312500e+02
8.619708251953125000e+02
5.282549438476562500e+02
1.707825164794921875e+02
1.105838989257812500e+03
2.276981506347656250e+02
8.244936523437500000e+02
1.915846252441406250e+02
1.037667236328125000e+03
3.506246948242187500e+02
9.452210083007812500e+02
3.589633178710937500e+02
7.986735839843750000e+02
2.723757324218750000e+02
9.157915649414062500e+02
4.600385131835937500e+02
4.067105102539062500e+02
4.246682128906250000e+02
2.229300994873046875e+02
5.338417358398437500e+02
3.777164611816406250e+02
4.041885986328125000e+02
3.938567199707031250e+02
3.884667358398437500e+02
6.677990722656250000e+02
8.833831024169921875e+01
8.824533081054687500e+01
3.983999938964843750e+02
3.735050354003906250e+02
4.781574707031250000e+02
2.732563476562500000e+02
7.241888427734375000e+02
2.634179382324218750e+02
4.576506958007812500e+02
6.964707031250000000e+02
5.668481445312500000e+02
3.988823547363281250e+02
8.240361938476562500e+02
1.032421142578125000e+03
6.849931640625000000e+02
1.840300445556640625e+02
5.793511581420898438e+01
1.597557983398437500e+02
6.518406982421875000e+02
2.063487396240234375e+02
1.197876892089843750e+02
4.563492736816406250e+02
1.984231414794921875e+02
3.013182678222656250e+02
2.798599548339843750e+02
6.013986206054687500e+02
6.801978149414062500e+02
5.312473754882812500e+02
3.561690063476562500e+02
3.582960205078125000e+02
2.782604980468750000e+02
4.054848937988281250e+02
2.417621307373046875e+02
7.001221923828125000e+02
5.201016235351562500e+02
1.987406005859375000e+02
3.182912292480468750e+02
4.009582214355468750e+02
5.321763916015625000e+02
9.600421142578125000e+01
2.978263854980468750e+02
3.374629516601562500e+02
8.488728027343750000e+02
4.875032653808593750e+02
2.657041625976562500e+02
1.662294921875000000e+02
6.679792480468750000e+02
3.021472473144531250e+02
2.062174530029296875e+02
2.965485534667968750e+02
1.432960510253906250e+02
3.834835510253906250e+02
4.463507385253906250e+02
2.865302734375000000e+02
7.927370605468750000e+02
6.429660034179687500e+02
9.150394287109375000e+02
5.161392822265625000e+02
4.401895141601562500e+02
4.951752319335937500e+02
2.487194976806640625e+02
4.706491088867187500e+02
5.366794433593750000e+02
3.978504638671875000e+02
1.131600723266601562e+02
3.786378479003906250e+02
9.572019195556640625e+01
4.038825073242187500e+02
3.381926879882812500e+02
6.022871093750000000e+02
3.923316650390625000e+02
3.045430603027343750e+02
6.797657470703125000e+02
2.213020324707031250e+02
5.187810058593750000e+02
3.681103820800781250e+02
5.493043823242187500e+02
9.048173828125000000e+02
4.720320129394531250e+02
2.492513580322265625e+02
4.223909912109375000e+02
5.240653686523437500e+02
2.327993316650390625e+02
7.303893432617187500e+02
8.311406860351562500e+02
5.088244018554687500e+02
5.407665405273437500e+02
7.093541870117187500e+02
2.050554199218750000e+02
5.562109985351562500e+02
2.072039489746093750e+02
6.175087280273437500e+02
5.450310058593750000e+02
4.101096191406250000e+02
4.217649230957031250e+02
6.726867065429687500e+02
1.164657211303710938e+02
5.523853759765625000e+02
1.847814636230468750e+02
5.133823852539062500e+02
3.873947448730468750e+02
7.432322387695312500e+02
6.231990966796875000e+02
3.643076477050781250e+02
1.171991195678710938e+02
1.378976440429687500e+02
5.760511474609375000e+02
4.076090087890625000e+02
4.250330810546875000e+02
3.457096862792968750e+02
2.559830169677734375e+02
4.944772644042968750e+02
3.708152770996093750e+02
5.752917480468750000e+02
4.594996337890625000e+02
5.706622924804687500e+02
4.286272888183593750e+02
1.010537658691406250e+03
1.090172653198242188e+02
9.347173309326171875e+01
2.285838775634765625e+02
1.715132598876953125e+02
6.741958618164062500e+02
1.200527832031250000e+03
6.321698608398437500e+02
2.918516540527343750e+02
1.775209655761718750e+02
6.947335815429687500e+02
2.458383941650390625e+02
3.534411010742187500e+02
3.415001525878906250e+02
4.955728454589843750e+02
2.258198242187500000e+02
3.599141540527343750e+02
2.177848815917968750e+02
1.149519409179687500e+03
4.557193603515625000e+02
5.759246826171875000e+02
2.475429229736328125e+02
2.973127136230468750e+02
7.839564819335937500e+02
3.946039428710937500e+02
5.606906738281250000e+02
9.374584960937500000e+02
7.411202392578125000e+02
6.718445434570312500e+02
1.791441650390625000e+02
3.870302734375000000e+02
3.157102355957031250e+02
3.000202331542968750e+02
5.026076049804687500e+02
4.911379241943359375e+01
6.833359375000000000e+02
8.867977294921875000e+02
4.358169555664062500e+02
2.208536224365234375e+02
1.295991210937500000e+02
3.567575378417968750e+02
9.981392669677734375e+01
3.647851562500000000e+02
5.697915649414062500e+02
7.154328002929687500e+02
3.278046875000000000e+02
6.456552124023437500e+02
2.670046081542968750e+02
2.449172058105468750e+02
6.838977050781250000e+02
7.351854858398437500e+02
2.185059051513671875e+02
6.513823242187500000e+02
4.316184082031250000e+02
5.069316711425781250e+02
2.086736907958984375e+02
3.309289855957031250e+02
6.593438720703125000e+02
6.190836181640625000e+02
2.150769348144531250e+02
3.475691528320312500e+02
1.971070709228515625e+02
2.522873687744140625e+02
4.874817199707031250e+02
4.279275207519531250e+02
4.033232421875000000e+02
1.743160705566406250e+02
4.920478515625000000e+02
3.756845092773437500e+02
2.019122772216796875e+02
4.938976440429687500e+02
4.875228271484375000e+02
6.647730102539062500e+02
1.750389709472656250e+02
5.546906738281250000e+02
2.103353729248046875e+02
4.165802612304687500e+02
4.366785583496093750e+02
3.333605041503906250e+02
2.871479797363281250e+02
2.922619018554687500e+02
3.241224975585937500e+02
2.106486511230468750e+02
5.929091186523437500e+02
7.469495239257812500e+02
1.902846374511718750e+02
2.914994506835937500e+02
6.678273925781250000e+02
5.955986938476562500e+02
1.975220642089843750e+02
4.897859802246093750e+02
3.537488403320312500e+02
6.423811340332031250e+01
1.996861267089843750e+02
3.304498291015625000e+02
5.560115356445312500e+02
5.560352172851562500e+02
4.333539733886718750e+02
8.279388427734375000e+02
1.062419677734375000e+03
5.691864013671875000e+02
2.161651458740234375e+02
2.239757995605468750e+02
1.152848388671875000e+03
2.066250762939453125e+02
6.378514404296875000e+02
3.316996459960937500e+02
3.534377136230468750e+02
6.831270751953125000e+02
7.510977783203125000e+02
1.442247467041015625e+02
8.297001953125000000e+02
3.545473327636718750e+02
1.445606994628906250e+02
4.112044982910156250e+02
5.887363891601562500e+02
4.915768737792968750e+02
6.517346954345703125e+01
5.624478759765625000e+02
3.470693054199218750e+02
6.007431030273437500e+02
3.204528503417968750e+02
3.241353454589843750e+02
2.757224121093750000e+02
1.253048553466796875e+02
1.685294494628906250e+02
5.622229003906250000e+02
8.040127563476562500e+02
7.575444946289062500e+02
5.483837890625000000e+02
3.013982849121093750e+02
1.606236457824707031e+01
1.392522430419921875e+02
3.548905334472656250e+02
5.600568847656250000e+02
2.407971954345703125e+02
4.272883605957031250e+02
7.206805419921875000e+02
1.785279998779296875e+02
1.875491027832031250e+02
6.618314819335937500e+02
3.120954895019531250e+02
4.166267700195312500e+02
4.901922302246093750e+02
7.407595214843750000e+02
3.096506347656250000e+02
1.981661834716796875e+02
1.556827087402343750e+02
1.187228027343750000e+03
2.233748931884765625e+02
7.100682830810546875e+01
5.069165039062500000e+02
1.184908218383789062e+02
1.914338226318359375e+02
6.439766235351562500e+02
6.167586059570312500e+02
4.560794067382812500e+02
6.480699462890625000e+02
6.062053222656250000e+02
4.937993774414062500e+02
6.284137573242187500e+02
8.945509643554687500e+02
3.529743957519531250e+02
9.657360229492187500e+02
3.787451477050781250e+02
4.703792724609375000e+02
1.459701385498046875e+02
5.603665161132812500e+02
8.077839965820312500e+02
8.221593017578125000e+02
1.959718170166015625e+02
7.478495788574218750e+01
5.182727661132812500e+02
7.076331787109375000e+02
4.857535095214843750e+02
3.640804748535156250e+02
4.239444580078125000e+02
6.640848388671875000e+02
2.222284851074218750e+02
2.237501831054687500e+02
2.968937683105468750e+02
5.137308959960937500e+02
4.351893310546875000e+02
4.406791076660156250e+02
5.432799682617187500e+02
4.233311157226562500e+02
6.961210937500000000e+02
3.450709838867187500e+02
3.814478683471679688e+01
6.761982421875000000e+02
2.474863891601562500e+02
2.509188842773437500e+02
4.366530761718750000e+02
1.665441284179687500e+02
2.192623443603515625e+02
4.796813964843750000e+02
2.002432556152343750e+02
3.874468383789062500e+02
4.079318847656250000e+02
1.629683380126953125e+02
3.612595825195312500e+02
3.563027343750000000e+02
3.296467895507812500e+02
3.879029541015625000e+02
3.571936340332031250e+02
2.943559570312500000e+02
6.062094116210937500e+02
3.361231384277343750e+02
2.213240356445312500e+02
7.787904663085937500e+02
6.219270019531250000e+02
3.311961059570312500e+02
2.342321014404296875e+02
3.620270080566406250e+02
1.076394531250000000e+03
5.034263305664062500e+02
3.660879821777343750e+02
7.540957031250000000e+02
4.135237426757812500e+02
9.105090332031250000e+02
2.283235015869140625e+02
6.941901245117187500e+02
8.563431396484375000e+02
5.921800537109375000e+02
6.867087402343750000e+02
5.767393188476562500e+02
8.813512573242187500e+02
5.190969848632812500e+02
1.059904785156250000e+03
5.414838256835937500e+02
3.761103210449218750e+02
5.899211425781250000e+02
6.151881408691406250e+01
2.409294281005859375e+02
1.874218750000000000e+02
1.166349258422851562e+02
5.930236206054687500e+02
2.226072235107421875e+02
1.016756515502929688e+02
3.360622558593750000e+02
8.599249267578125000e+02
6.393103027343750000e+02
7.948594360351562500e+02
3.099028930664062500e+02
3.967731628417968750e+02
6.497286376953125000e+02
3.554469299316406250e+02
3.301507873535156250e+02
7.008174133300781250e+01
6.082302246093750000e+02
6.688538208007812500e+02
3.454335327148437500e+02
8.274030151367187500e+02
4.710736694335937500e+02
5.052319030761718750e+02
7.793306884765625000e+02
2.996138916015625000e+02
3.614530639648437500e+02
5.911864013671875000e+02
4.128609924316406250e+02
2.635834960937500000e+02
3.942989501953125000e+02
4.115324096679687500e+02
5.274069824218750000e+02
2.845463867187500000e+02
1.971936187744140625e+02
3.200458679199218750e+02
4.032617492675781250e+02
6.887057495117187500e+01
3.739653930664062500e+02
4.478200378417968750e+02
4.872015762329101562e+01
7.654974365234375000e+01
3.945946350097656250e+02
3.817761840820312500e+02
5.610986938476562500e+02
6.137331542968750000e+02
4.209989929199218750e+02
1.808751678466796875e+02
4.835841979980468750e+02
5.083081665039062500e+02
3.063970336914062500e+02
5.001834411621093750e+02
4.284082946777343750e+02
5.246339111328125000e+02
5.020614929199218750e+02
6.669567260742187500e+02
4.439226684570312500e+02
5.443163452148437500e+02
3.808429260253906250e+02
2.463967590332031250e+02
1.545970764160156250e+02
4.552200317382812500e+02
1.175108642578125000e+02
4.273504638671875000e+02
8.570270385742187500e+02
6.096564331054687500e+02
5.555515747070312500e+02
2.998855895996093750e+02
6.617999267578125000e+02
8.819635009765625000e+02
5.033619995117187500e+02
2.497763214111328125e+02
7.829597778320312500e+02
6.503876953125000000e+02
3.212103271484375000e+02
4.992976074218750000e+02
4.594817504882812500e+02
5.704164428710937500e+02
9.143839721679687500e+02
6.403657226562500000e+02
4.369014587402343750e+02
2.637354125976562500e+02
2.913854370117187500e+02
3.814525146484375000e+02
2.647776184082031250e+02
7.347665405273437500e+02
6.543155517578125000e+02
7.921768798828125000e+02
6.752109985351562500e+02
5.138601684570312500e+02
3.480065612792968750e+02
6.983534545898437500e+02
7.629730224609375000e+02
4.794397888183593750e+02
6.396697387695312500e+02
4.490161743164062500e+02
5.309985351562500000e+02
3.280418701171875000e+02
6.513117065429687500e+02
4.990315246582031250e+02
5.619099121093750000e+02
6.855512084960937500e+02
6.318149414062500000e+02
6.359515380859375000e+02
3.111549377441406250e+02
1.923047332763671875e+02
7.204403076171875000e+02
5.033141174316406250e+02
5.475501098632812500e+02
5.158598022460937500e+02
2.824002685546875000e+02
5.164324340820312500e+02
5.769559326171875000e+02
9.975137329101562500e+02
4.697170715332031250e+02
3.004064331054687500e+02
4.575269165039062500e+02
2.740923767089843750e+02
5.417529296875000000e+02
5.446153564453125000e+02
4.884315185546875000e+02
6.858959350585937500e+02
1.166569976806640625e+02
6.499033813476562500e+02
8.218356933593750000e+02
4.499040527343750000e+02
3.882213134765625000e+02
7.398724365234375000e+02
9.585236816406250000e+02
4.090140686035156250e+02
3.996331176757812500e+02
5.956898803710937500e+02
5.830299682617187500e+02
3.077453308105468750e+02
3.440800476074218750e+02
8.680422210693359375e+01
2.366921234130859375e+02
1.023628662109375000e+03
4.587895507812500000e+02
2.884522705078125000e+02
2.428804321289062500e+02
2.710483703613281250e+02
1.373770904541015625e+02
2.897470703125000000e+02
2.706376647949218750e+02
5.177090454101562500e+02
2.837893066406250000e+02
3.809340820312500000e+02
2.181325378417968750e+02
1.544562225341796875e+02
3.894965820312500000e+02
7.282393188476562500e+02
5.052056579589843750e+02
4.293930969238281250e+02
1.958654479980468750e+02
7.207443847656250000e+02
1.673238220214843750e+02
6.365657958984375000e+02
2.737993774414062500e+02
3.405847473144531250e+02
5.836818847656250000e+02
4.342796325683593750e+02
1.214658081054687500e+03
3.364030151367187500e+02
4.610593566894531250e+02
1.588387908935546875e+02
4.186667785644531250e+02
4.312537231445312500e+02
5.082711181640625000e+02
2.769337768554687500e+02
6.346184692382812500e+02
5.878797607421875000e+02
2.478354187011718750e+02
2.898147888183593750e+02
1.947816314697265625e+02
2.040432586669921875e+02
6.942993164062500000e+02
6.438695068359375000e+02
1.227052917480468750e+02
6.896190185546875000e+02
5.910913085937500000e+02
2.988998107910156250e+02
2.466817169189453125e+02
2.670916442871093750e+02
6.567078857421875000e+02
2.000898590087890625e+02
1.842058715820312500e+02
3.795278320312500000e+02
6.085017089843750000e+02
3.731487121582031250e+02
3.783200683593750000e+02
2.489276885986328125e+02
6.917848205566406250e+01
3.505112609863281250e+02
5.924752197265625000e+02
1.957375183105468750e+02
9.982003784179687500e+02
8.871168518066406250e+01
4.425893859863281250e+02
3.778108215332031250e+02
5.520485229492187500e+02
9.179257202148437500e+02
7.096481323242187500e+02
2.834034118652343750e+02
1.775589752197265625e+02
3.022900085449218750e+02
7.558967285156250000e+02
2.863285522460937500e+02
3.795276794433593750e+02
3.321792602539062500e+02
5.644634399414062500e+02
4.003007202148437500e+02
2.865853576660156250e+02
2.407741088867187500e+02
4.363430175781250000e+02
4.976656188964843750e+02
6.500742797851562500e+02
1.913325500488281250e+02
3.216999511718750000e+02
4.195513916015625000e+02
5.272371215820312500e+02
7.480689697265625000e+02
1.982492065429687500e+02
9.677496337890625000e+02
3.374064941406250000e+02
5.418657226562500000e+02
5.514485473632812500e+02
3.460014343261718750e+02
4.859558105468750000e+02
4.672099914550781250e+02
4.520688171386718750e+02
2.251468353271484375e+02
9.854901123046875000e+02
5.443432617187500000e+02
1.352863006591796875e+02
3.258712463378906250e+02
5.928565673828125000e+02
7.206261596679687500e+02
4.026845703125000000e+02
1.236996459960937500e+02
1.369470214843750000e+02
3.809676208496093750e+02
7.189877929687500000e+02
3.448597106933593750e+02
3.878985595703125000e+02
4.216127014160156250e+02
4.411027221679687500e+02
1.878315429687500000e+02
4.020220642089843750e+02
1.480809631347656250e+02
6.520274658203125000e+02
2.296644439697265625e+02
1.901713409423828125e+02
4.938759155273437500e+02
4.677453918457031250e+02
1.213500244140625000e+03
5.719227294921875000e+02
5.278139038085937500e+02
7.852990722656250000e+02
4.627561340332031250e+02
4.719676818847656250e+02
2.098981170654296875e+02
1.457744140625000000e+02
3.959148864746093750e+02
7.358435668945312500e+02
3.524624633789062500e+02
1.517329254150390625e+02
1.718415069580078125e+02
4.468333435058593750e+02
4.255318603515625000e+02
1.539783020019531250e+02
3.532262573242187500e+02
4.101566162109375000e+02
7.026573486328125000e+02
8.748222656250000000e+02
4.716135253906250000e+02
2.535249481201171875e+02
5.813010864257812500e+02
1.348498077392578125e+02
6.554145507812500000e+02
2.018704376220703125e+02
1.815261535644531250e+02
3.234440307617187500e+02
4.873961181640625000e+02
1.452527160644531250e+02
3.564424743652343750e+02
5.115009155273437500e+02
2.590890502929687500e+02
5.317718505859375000e+02
5.880252685546875000e+02
2.120951690673828125e+02
3.934821166992187500e+02
2.890766906738281250e+02
4.452430114746093750e+02
3.523901977539062500e+02
3.176884765625000000e+02
5.785181884765625000e+02
3.830971679687500000e+02
5.946921997070312500e+02
7.906861572265625000e+02
5.150557861328125000e+02
2.108365325927734375e+02
2.150055236816406250e+02
3.433432617187500000e+02
4.161231689453125000e+02
6.332693481445312500e+02
2.092460937500000000e+02
5.241118774414062500e+02
3.003312988281250000e+02
6.184780273437500000e+02
4.518543701171875000e+02
5.292817382812500000e+02
4.476582031250000000e+02
1.619449157714843750e+02
1.523009185791015625e+02
8.953722534179687500e+02
5.707604980468750000e+02
2.531529388427734375e+02
4.410634460449218750e+02
6.499733886718750000e+02
5.760998535156250000e+02
4.361464843750000000e+02
4.524663085937500000e+02
3.676849060058593750e+02
3.376354370117187500e+02
3.864093322753906250e+02
3.967508239746093750e+02
7.055539550781250000e+02
5.895075073242187500e+02
2.387589721679687500e+02
4.973556823730468750e+02
2.659256591796875000e+02
2.917588195800781250e+02
9.076058349609375000e+02
4.761502075195312500e+02
5.412939453125000000e+02
3.926241455078125000e+02
1.143918685913085938e+02
5.894309082031250000e+02
3.347102661132812500e+02
5.392761840820312500e+02
4.443619079589843750e+02
4.619499206542968750e+01
4.842092590332031250e+02
2.326853027343750000e+02
4.812056579589843750e+02
1.692404174804687500e+02
4.286597290039062500e+02
1.605614471435546875e+02
6.110990600585937500e+02
4.262710876464843750e+02
4.001816711425781250e+02
7.008173217773437500e+02
1.220371627807617188e+02
4.070805358886718750e+02
1.008095214843750000e+03
2.417434997558593750e+02
3.648445739746093750e+02
1.251276397705078125e+02
6.038875122070312500e+02
2.369232177734375000e+02
5.241093750000000000e+02
3.709434204101562500e+02
6.484060058593750000e+02
4.670772399902343750e+02
2.235524902343750000e+02
7.033256225585937500e+02
5.227327880859375000e+02
3.588108520507812500e+02
4.531901855468750000e+02
1.679618225097656250e+02
6.772035522460937500e+02
4.404602661132812500e+02
3.346563110351562500e+02
4.993572692871093750e+02
5.087055664062500000e+02
5.320773315429687500e+02
9.232517700195312500e+02
4.643505859375000000e+02
5.616375732421875000e+02
1.391727600097656250e+02
4.081834411621093750e+02
5.046590881347656250e+02
5.711623382568359375e+01
5.045713806152343750e+02
2.272791748046875000e+02
2.872710571289062500e+02
7.404966430664062500e+02
4.341367797851562500e+02
2.291084136962890625e+02
5.558897094726562500e+02
5.000656738281250000e+02
3.324889526367187500e+02
2.121306419372558594e+01
7.346004028320312500e+02
8.542256469726562500e+02
4.401911926269531250e+02
5.836985473632812500e+02
7.762928009033203125e+01
4.944119262695312500e+02
5.446657104492187500e+02
3.221467590332031250e+02
5.443053588867187500e+02
1.625998229980468750e+02
1.105531234741210938e+02
7.456207275390625000e+02
4.644692077636718750e+02
3.355090637207031250e+02
6.826969909667968750e+01
5.006061706542968750e+02
5.731012573242187500e+02
9.674490966796875000e+02
7.545329589843750000e+02
6.068060302734375000e+02
6.244630737304687500e+02
1.133837768554687500e+03
4.664415588378906250e+02
4.930684204101562500e+02
3.497351074218750000e+02
6.252110595703125000e+02
6.116190185546875000e+02
3.122114562988281250e+01
6.621815185546875000e+02
3.830131530761718750e+02
5.978129882812500000e+02
5.310032958984375000e+02
1.203314453125000000e+03
4.221623229980468750e+02
7.058167114257812500e+02
4.441768493652343750e+02
7.807388305664062500e+02
5.722030639648437500e+02
5.106517028808593750e+02
1.290927429199218750e+02
4.153786926269531250e+02
6.351272583007812500e+02
4.185638122558593750e+02
2.423137054443359375e+02
4.505205383300781250e+02
1.219393615722656250e+02
6.459590454101562500e+02
4.390666809082031250e+02
4.345520935058593750e+02
1.261120910644531250e+02
6.386942138671875000e+02
2.637505493164062500e+02
2.414469299316406250e+02
1.924792327880859375e+02
3.765750122070312500e+02
7.949723510742187500e+02
1.237044906616210938e+02
9.467363281250000000e+02
3.787871398925781250e+02
3.134902954101562500e+02
1.669980773925781250e+02
3.449582519531250000e+02
3.528855895996093750e+02
8.229484252929687500e+02
6.127467651367187500e+02
1.085157714843750000e+03
3.560605773925781250e+02
8.216064453125000000e+02
3.783002624511718750e+02
3.296091308593750000e+02
2.965084228515625000e+02
1.099545532226562500e+03
7.608236694335937500e+02
3.451943664550781250e+02
3.880172424316406250e+02
3.039670104980468750e+02
8.101010894775390625e+01
1.976676788330078125e+02
4.077607421875000000e+02
6.008673706054687500e+02
2.501376953125000000e+02
4.711086425781250000e+02
4.459107666015625000e+02
5.737174682617187500e+02
3.204640808105468750e+02
6.459678344726562500e+02
3.524960327148437500e+02
7.766893310546875000e+02
4.648599853515625000e+02
7.663469848632812500e+02
7.808446655273437500e+02
2.829532165527343750e+02
8.038031616210937500e+02
7.332297363281250000e+02
3.323132324218750000e+02
8.321896362304687500e+02
1.581187744140625000e+02
2.460757255554199219e+01
1.559790191650390625e+02
7.388793334960937500e+02
6.228294067382812500e+02
5.532202148437500000e+02
2.885340576171875000e+02
5.124003295898437500e+02
1.546172332763671875e+02
3.509329528808593750e+02
8.609028320312500000e+02
5.672080688476562500e+02
1.989401702880859375e+02
8.043493652343750000e+02
7.396821899414062500e+02
6.379428710937500000e+02
2.482771759033203125e+02
4.892710571289062500e+02
2.961929321289062500e+02
6.489728546142578125e+01
5.943562011718750000e+02
4.241460266113281250e+02
3.946790161132812500e+02
4.811300354003906250e+02
4.152019348144531250e+02
1.250460433959960938e+02
6.051086425781250000e+02
4.143809814453125000e+02
3.434571228027343750e+02
2.149219818115234375e+02
7.063271484375000000e+02
6.297255859375000000e+02
2.325767669677734375e+02
2.981542358398437500e+02
2.668735046386718750e+02
2.948471679687500000e+02
3.855810546875000000e+02
2.767855529785156250e+02
7.147002563476562500e+02
2.530159759521484375e+02
2.337125244140625000e+02
1.186913070678710938e+02
2.374258728027343750e+02
3.990463562011718750e+02
7.894259643554687500e+02
7.960343627929687500e+02
6.644322509765625000e+02
6.071917724609375000e+02
9.099337158203125000e+02
4.714093017578125000e+02
8.905653686523437500e+02
4.409980468750000000e+02
2.966981201171875000e+02
1.758190612792968750e+02
6.906520385742187500e+02
8.207994384765625000e+02
2.260307159423828125e+02
3.731156311035156250e+02
3.186720275878906250e+02
4.476958312988281250e+02
3.552256774902343750e+02
9.337383422851562500e+02
2.342854919433593750e+02
3.454316406250000000e+02
7.127392578125000000e+02
7.578492431640625000e+02
2.744804077148437500e+02
7.294075317382812500e+02
3.232095642089843750e+02
2.800801696777343750e+02
3.371195373535156250e+02
1.014435424804687500e+03
2.087957611083984375e+02
5.702916870117187500e+02
6.949546051025390625e+01
2.457842102050781250e+02
2.733000183105468750e+02
6.542015380859375000e+02
5.322034072875976562e+01
4.164647827148437500e+02
4.083607482910156250e+02
5.439796142578125000e+02
2.111185607910156250e+02
3.078424072265625000e+02
1.039068725585937500e+03
1.603838195800781250e+02
6.829911499023437500e+02
5.985193481445312500e+02
2.702005310058593750e+02
3.696535034179687500e+02
7.667521362304687500e+02
2.561956481933593750e+02
2.938062438964843750e+02
4.294106750488281250e+02
8.444165649414062500e+02
2.626174011230468750e+02
6.770695495605468750e+01
6.547248840332031250e+01
4.785531616210937500e+02
6.247030029296875000e+02
2.043220520019531250e+02
2.767473144531250000e+02
4.591766357421875000e+02
1.035407409667968750e+02
5.097300720214843750e+02
4.864394836425781250e+02
4.464609680175781250e+02
1.162547241210937500e+03
2.338565979003906250e+02
5.049299621582031250e+02
4.166772766113281250e+02
4.222607116699218750e+02
2.273795776367187500e+02
2.712325439453125000e+02
4.249926452636718750e+02
3.325225219726562500e+02
4.566892395019531250e+02
2.829172973632812500e+02
4.103345336914062500e+02
3.617694396972656250e+02
4.649189453125000000e+02
4.324680480957031250e+02
4.990502319335937500e+02
5.011744689941406250e+02
4.215960083007812500e+02
7.672083129882812500e+02
3.015283508300781250e+02
7.930917968750000000e+02
2.414592742919921875e+02
2.581039733886718750e+02
3.987757873535156250e+02
7.632699584960937500e+02
2.043805084228515625e+02
2.866636657714843750e+02
1.652254333496093750e+02
5.017246093750000000e+02
4.012901611328125000e+02
3.233653869628906250e+02
4.094736938476562500e+02
3.054291687011718750e+02
4.757665100097656250e+02
9.001471557617187500e+02
1.132359619140625000e+02
3.032826538085937500e+02
4.701526489257812500e+02
4.609985656738281250e+02
6.470272216796875000e+02
7.667080688476562500e+02
2.479703369140625000e+02
2.384792327880859375e+02
3.380495605468750000e+02
1.078381729125976562e+02
4.154852600097656250e+02
5.353489379882812500e+02
2.942649230957031250e+02
4.437633361816406250e+02
4.375798950195312500e+02
9.975862121582031250e+01
3.838712768554687500e+02
4.365547180175781250e+02
3.223284912109375000e+02
5.773867187500000000e+02
1.043215698242187500e+03
5.704507446289062500e+02
9.812626953125000000e+02
5.054583129882812500e+02
4.998603515625000000e+02
2.660697021484375000e+02
3.907221069335937500e+02
2.160562896728515625e+02
1.596447906494140625e+02
1.115506668090820312e+02
3.703528442382812500e+02
4.941620178222656250e+02
5.201998291015625000e+02
3.925426330566406250e+02
7.698753662109375000e+02
7.144752807617187500e+02
8.520115966796875000e+02
8.537703857421875000e+02
6.004114990234375000e+02
1.829143829345703125e+02
6.738842163085937500e+02
8.769700927734375000e+02
3.152353210449218750e+02
2.155806884765625000e+02
7.638010253906250000e+02
3.390993347167968750e+02
7.190643920898437500e+02
1.519154815673828125e+02
1.004831542968750000e+03
6.930520019531250000e+02
1.086777801513671875e+02
2.931189575195312500e+02
6.525787963867187500e+02
3.989903564453125000e+02
3.470180664062500000e+02
5.855158691406250000e+02
5.380652465820312500e+02
4.312322387695312500e+02
3.249187622070312500e+02
4.464874572753906250e+02
2.008883056640625000e+02
8.224869384765625000e+02
1.980971221923828125e+02
4.733073730468750000e+02
8.859998321533203125e+01
5.780166015625000000e+02
2.047133789062500000e+02
1.930145111083984375e+02
4.448428649902343750e+02
3.310550231933593750e+02
5.907932739257812500e+02
9.169244384765625000e+02
3.945565795898437500e+02
6.589997558593750000e+02
5.284729614257812500e+02
1.371589813232421875e+02
9.449856567382812500e+01
7.005520629882812500e+02
4.094435119628906250e+02
4.458950195312500000e+02
5.906715087890625000e+02
4.692717285156250000e+02
2.868708496093750000e+02
4.386647338867187500e+02
9.833797454833984375e+01
1.107922668457031250e+02
7.497709350585937500e+02
4.569342346191406250e+02
6.279190063476562500e+02
1.215918731689453125e+02
6.114644165039062500e+02
1.859400177001953125e+02
1.016865615844726562e+02
4.964545898437500000e+02
8.946970214843750000e+02
2.389418640136718750e+02
4.073574523925781250e+02
2.314952087402343750e+02
4.681096496582031250e+02
5.070585327148437500e+02
5.538624877929687500e+02
1.893546447753906250e+02
4.721607666015625000e+02
3.187729797363281250e+02
3.729148864746093750e+02
3.159158935546875000e+02
4.273925781250000000e+02
3.610239562988281250e+02
2.543074645996093750e+02
8.854751586914062500e+02
5.063241577148437500e+02
2.419010620117187500e+02
2.700206298828125000e+02
4.858365478515625000e+02
4.892407531738281250e+02
1.568243713378906250e+02
3.254614868164062500e+02
5.836162719726562500e+02
1.189434082031250000e+03
6.032554931640625000e+02
2.699260559082031250e+02
2.341378784179687500e+02
1.520029602050781250e+02
5.998161621093750000e+02
5.887150878906250000e+02
3.512270202636718750e+02
8.121508178710937500e+02
5.734735107421875000e+02
5.456374511718750000e+02
1.092738891601562500e+03
5.225635375976562500e+02
5.792343139648437500e+02
5.221786499023437500e+02
7.276106567382812500e+02
5.695695190429687500e+02
6.163757934570312500e+02
4.742399291992187500e+02
4.512200012207031250e+02
6.802663421630859375e+01
4.563161926269531250e+02
8.152026977539062500e+02
2.651260681152343750e+02
2.518316345214843750e+02
4.446097717285156250e+02
7.955519409179687500e+02
6.834459228515625000e+02
7.896710815429687500e+02
1.000695190429687500e+02
3.674975585937500000e+02
2.602047119140625000e+02
5.114682617187500000e+02
7.325098266601562500e+02
7.140421752929687500e+02
6.403109741210937500e+02
5.645900878906250000e+02
4.419618225097656250e+02
4.545782470703125000e+02
3.996362304687500000e+02
5.919299316406250000e+02
1.913178863525390625e+02
4.954798889160156250e+02
2.979514160156250000e+02
7.830944824218750000e+02
7.269043579101562500e+02
3.622902526855468750e+02
6.463962554931640625e+01
5.692753906250000000e+02
1.499783630371093750e+02
6.740322265625000000e+02
5.073580627441406250e+02
7.318473052978515625e+01
3.213970947265625000e+02
4.329971313476562500e+02
4.736618652343750000e+02
4.988593139648437500e+02
8.260452880859375000e+02
7.291514892578125000e+02
9.496890869140625000e+02
3.424413757324218750e+02
3.322542114257812500e+02
7.598698730468750000e+02
2.118020172119140625e+02
4.280239562988281250e+02
3.109162902832031250e+02
6.718799438476562500e+02
6.061933593750000000e+02
1.357370452880859375e+02
3.102261047363281250e+02
7.890249023437500000e+02
8.651731567382812500e+02
1.030210083007812500e+03
4.835858154296875000e+02
3.040804443359375000e+02
2.219981994628906250e+02
1.854049682617187500e+02
5.518324584960937500e+02
8.160479736328125000e+02
3.319599609375000000e+02
4.079995117187500000e+02
6.346184082031250000e+02
1.481376647949218750e+02
6.041939086914062500e+02
1.940956420898437500e+02
7.854802856445312500e+02
1.454886932373046875e+02
6.234028320312500000e+02
4.831886901855468750e+02
5.988370361328125000e+02
4.665654296875000000e+02
4.992571411132812500e+02
2.273296966552734375e+02
4.994006347656250000e+02
2.566674194335937500e+02
1.246309127807617188e+02
1.582292633056640625e+02
1.708704681396484375e+02
3.973142700195312500e+02
8.807263183593750000e+02
2.308688812255859375e+02
2.102250061035156250e+02
7.439706420898437500e+02
5.034632492065429688e+01
6.580355224609375000e+02
3.175931396484375000e+02
4.787412414550781250e+02
3.570016479492187500e+02
5.366143188476562500e+02
4.641035766601562500e+02
5.249353027343750000e+02
1.003927383422851562e+02
2.810409240722656250e+02
2.992720336914062500e+02
3.398731994628906250e+02
3.549997253417968750e+02
4.637911987304687500e+01
6.619746704101562500e+02
7.850733032226562500e+02
6.861731567382812500e+02
4.564462280273437500e+02
7.959726562500000000e+02
8.990883789062500000e+02
3.075858764648437500e+02
6.114661254882812500e+02
3.735201110839843750e+02
5.417348632812500000e+02
9.264093017578125000e+01
5.298965454101562500e+01
4.856408386230468750e+02
8.096317138671875000e+02
5.645848999023437500e+02
7.918880004882812500e+02
3.626431274414062500e+02
2.136944122314453125e+02
3.327193908691406250e+02
5.857142333984375000e+02
1.812257690429687500e+02
1.285374298095703125e+02
4.637671508789062500e+02
1.740687255859375000e+02
7.583875732421875000e+02
5.759774169921875000e+02
4.435124816894531250e+02
3.909156188964843750e+02
5.173531494140625000e+02
2.313349456787109375e+02
5.993149414062500000e+02
3.374877319335937500e+02
5.386457519531250000e+02
3.004016723632812500e+02
4.246996765136718750e+02
1.531319274902343750e+02
3.993513183593750000e+02
5.797410278320312500e+02
2.998887939453125000e+02
3.573105468750000000e+02
1.268052520751953125e+02
5.637100219726562500e+02
2.423718109130859375e+02
1.051512832641601562e+02
2.600250244140625000e+02
7.417969970703125000e+02
3.497839050292968750e+02
3.392702331542968750e+02
3.735990905761718750e+02
5.766030883789062500e+02
6.242470703125000000e+02
2.717286987304687500e+02
3.797923278808593750e+02
9.215543823242187500e+02
4.903080444335937500e+02
6.362271118164062500e+02
6.587839965820312500e+02
5.985014038085937500e+02
2.899930725097656250e+02
3.857448730468750000e+02
4.286288146972656250e+02
1.197344436645507812e+02
5.316270141601562500e+02
8.533616333007812500e+02
7.036895751953125000e+02
4.384859313964843750e+02
3.560268249511718750e+02
5.888258361816406250e+01
2.292287902832031250e+02
4.880715942382812500e+02
1.666645050048828125e+02
3.251797180175781250e+02
6.375761108398437500e+02
2.655939941406250000e+02
3.648093261718750000e+02
7.982315063476562500e+02
2.613471984863281250e+02
8.913840942382812500e+02
6.238400268554687500e+02
7.343401489257812500e+02
6.554292602539062500e+02
8.130966186523437500e+02
3.582992858886718750e+02
7.208952026367187500e+02
2.991669616699218750e+02
4.743886108398437500e+02
5.858281250000000000e+02
5.967267456054687500e+02
3.404250793457031250e+02
1.851430206298828125e+02
4.175093383789062500e+02
3.597001342773437500e+02
3.794516296386718750e+02
5.060805358886718750e+02
3.822157897949218750e+02
5.924309082031250000e+02
3.053560791015625000e+02
6.951267089843750000e+02
1.586562500000000000e+02
4.993606262207031250e+02
6.852826538085937500e+02
7.172683715820312500e+02
3.580115966796875000e+02
1.015069885253906250e+02
4.898016357421875000e+02
3.549235534667968750e+02
4.100851745605468750e+02
1.036687698364257812e+02
2.861388854980468750e+02
5.457305908203125000e+02
2.010663146972656250e+02
4.377604980468750000e+02
1.133175888061523438e+02
9.154823608398437500e+02
4.084138793945312500e+02
1.423625946044921875e+02
3.429431762695312500e+02
3.160486755371093750e+02
3.641224365234375000e+02
4.687316894531250000e+02
3.320597534179687500e+02
5.970341186523437500e+02
1.455651702880859375e+02
2.085151214599609375e+02
3.969626770019531250e+02
2.056707458496093750e+02
7.670467529296875000e+02
2.313269653320312500e+02
7.972765350341796875e+01
3.403741149902343750e+02
3.801847076416015625e+01
5.889577636718750000e+02
5.259871215820312500e+02
6.945930786132812500e+02
5.819603881835937500e+02
4.180235900878906250e+02
5.671676635742187500e+02
4.392824096679687500e+02
2.848259277343750000e+02
3.759841003417968750e+02
1.161643600463867188e+02
5.664431762695312500e+02
1.395365142822265625e+02
9.332188415527343750e+01
4.767555236816406250e+02
2.824879760742187500e+02
5.116209411621093750e+02
4.363728027343750000e+02
3.643106689453125000e+02
3.200205383300781250e+02
3.574785766601562500e+02
7.766374969482421875e+01
6.904784545898437500e+02
1.082794067382812500e+03
4.326934814453125000e+02
2.548774108886718750e+02
2.917202453613281250e+02
4.730489807128906250e+02
1.944629974365234375e+02
3.216817932128906250e+02
4.837663574218750000e+02
4.057938537597656250e+02
3.369668884277343750e+02
4.475846557617187500e+02
2.415850830078125000e+02
6.176425170898437500e+02
1.938048706054687500e+02
5.970062255859375000e+02
3.896661376953125000e+02
7.015690917968750000e+02
5.454067382812500000e+02
6.471126708984375000e+02
6.719208984375000000e+02
5.544573364257812500e+02
9.137993774414062500e+02
2.095487670898437500e+02
5.940751266479492188e+01
3.981386718750000000e+02
1.939120178222656250e+02
5.166827392578125000e+02
6.378771362304687500e+02
3.503427429199218750e+02
4.028767700195312500e+02
3.342151184082031250e+02
3.174386901855468750e+02
8.225845947265625000e+02
8.268074340820312500e+02
3.164588928222656250e+02
2.591299438476562500e+02
5.297716674804687500e+02
2.456653594970703125e+02
2.967935791015625000e+02
7.269472045898437500e+02
1.460043487548828125e+02
7.710257568359375000e+02
1.623964233398437500e+02
5.393909912109375000e+02
3.768224487304687500e+02
5.132908935546875000e+02
8.057879028320312500e+02
4.839530944824218750e+02
9.431959533691406250e+01
4.225792846679687500e+02
3.028533554077148438e+01
9.858858032226562500e+02
4.701481018066406250e+02
3.418740234375000000e+02
6.140670166015625000e+02
4.956596984863281250e+02
2.209020538330078125e+02
7.900357666015625000e+02
2.038477935791015625e+02
1.872955474853515625e+02
1.301134490966796875e+02
5.992853393554687500e+02
1.320574035644531250e+02
5.591003417968750000e+02
8.869374389648437500e+02
5.685422973632812500e+02
2.836947631835937500e+02
5.277988891601562500e+02
5.580509033203125000e+02
4.351996154785156250e+02
5.664381103515625000e+02
6.801796875000000000e+02
7.020364990234375000e+02
6.042014770507812500e+02
3.108536682128906250e+02
1.852523651123046875e+02
8.338579101562500000e+02
3.577424011230468750e+02
2.076061859130859375e+02
1.891706695556640625e+02
6.251463012695312500e+02
1.961092987060546875e+02
6.117003173828125000e+02
3.276407470703125000e+02
6.559262084960937500e+02
1.145511779785156250e+02
6.420273437500000000e+02
2.530803985595703125e+02
7.141845092773437500e+02
1.517815704345703125e+02
2.614779052734375000e+02
6.499688720703125000e+02
8.016289062500000000e+02
5.873421630859375000e+02
3.510343933105468750e+02
2.465099945068359375e+02
7.403068847656250000e+02
1.697856750488281250e+02
2.667125549316406250e+02
1.294100189208984375e+02
7.518535156250000000e+02
6.208741455078125000e+02
5.781163330078125000e+02
4.106617126464843750e+02
2.666488952636718750e+02
3.745642089843750000e+02
5.808989257812500000e+02
9.375402832031250000e+02
6.471312866210937500e+02
5.339680175781250000e+02
7.607844848632812500e+02
9.236559448242187500e+02
5.885468750000000000e+02
4.592580871582031250e+02
5.521465454101562500e+02
2.639354248046875000e+02
6.117739868164062500e+02
3.208495788574218750e+02
2.330323028564453125e+02
5.307170410156250000e+02
3.673400573730468750e+02
2.189877777099609375e+02
6.583594970703125000e+02
7.568394165039062500e+02
6.549301757812500000e+02
4.825342102050781250e+02
5.108579711914062500e+02
1.086671829223632812e+02
4.420506896972656250e+02
1.917957458496093750e+02
9.583892822265625000e+01
1.047143478393554688e+02
6.447913208007812500e+02
4.865709533691406250e+02
2.481455078125000000e+02
7.147414550781250000e+02
7.866879272460937500e+02
1.138569580078125000e+03
3.463030700683593750e+02
1.683892974853515625e+02
1.974283447265625000e+02
2.053007888793945312e+01
4.826953735351562500e+02
2.660452575683593750e+02
3.569201354980468750e+02
6.620090332031250000e+02
5.686351318359375000e+02
3.508902282714843750e+02
3.995768737792968750e+02
7.810113525390625000e+02
4.530989379882812500e+02
3.293903198242187500e+02
5.337131958007812500e+02
8.834780273437500000e+02
1.120102905273437500e+03
1.438872985839843750e+02
6.826663208007812500e+02
5.653543090820312500e+01
6.017607421875000000e+02
2.492065582275390625e+02
6.295939941406250000e+02
4.229424133300781250e+02
1.299390716552734375e+02
1.606436157226562500e+02
1.109163818359375000e+03
4.181320190429687500e+02
1.882238006591796875e+02
8.354053497314453125e+01
3.390353088378906250e+02
8.377456665039062500e+01
8.451615142822265625e+01
1.977088928222656250e+02
1.933954010009765625e+02
1.151817138671875000e+03
6.163499145507812500e+02
3.630498352050781250e+02
1.455058441162109375e+02
2.328365020751953125e+02
4.809185791015625000e+02
2.188234405517578125e+02
6.190991210937500000e+02
8.728517456054687500e+02
4.791620178222656250e+02
5.958558349609375000e+02
2.505522155761718750e+02
2.628253173828125000e+02
3.897534179687500000e+02
7.655893707275390625e+01
5.802078857421875000e+02
3.412897033691406250e+02
9.977688598632812500e+01
2.271395263671875000e+02
6.235906372070312500e+02
4.576006469726562500e+02
1.805525398254394531e+01
4.400983581542968750e+02
2.108616333007812500e+02
4.699575195312500000e+02
7.097658691406250000e+02
7.235097656250000000e+02
5.653471069335937500e+02
2.191541748046875000e+02
2.225391235351562500e+02
7.184021606445312500e+02
3.126145629882812500e+02
7.063866577148437500e+02
7.987940063476562500e+02
1.173423706054687500e+03
6.459968261718750000e+02
6.432089233398437500e+02
6.070972290039062500e+02
4.390182189941406250e+02
5.061719665527343750e+02
4.835971984863281250e+02
2.214025573730468750e+02
1.105825271606445312e+02
3.184780273437500000e+02
6.267304077148437500e+02
4.587041320800781250e+02
2.942525329589843750e+02
1.513756713867187500e+02
3.599708251953125000e+02
4.652034606933593750e+02
1.922083892822265625e+02
7.160000610351562500e+02
1.922985687255859375e+02
6.827789306640625000e+02
7.331250000000000000e+02
3.555401611328125000e+02
1.566651000976562500e+02
1.720737304687500000e+02
4.764869995117187500e+02
2.311396789550781250e+02
2.421224060058593750e+02
2.675368652343750000e+02
5.140250854492187500e+02
7.796749877929687500e+02
5.017751464843750000e+02
5.185144653320312500e+02
1.192280502319335938e+02
6.189139175415039062e+01
6.208762817382812500e+02
2.000798034667968750e+02
5.056945190429687500e+02
3.060541725158691406e+01
3.278561096191406250e+02
1.105103271484375000e+03
3.599061889648437500e+02
5.814968261718750000e+02
3.795628356933593750e+02
1.041515502929687500e+03
2.290347137451171875e+02
2.482593383789062500e+02
7.571496582031250000e+02
3.926181640625000000e+02
7.067575836181640625e+01
2.115388183593750000e+02
3.262145996093750000e+02
5.180809936523437500e+02
3.945354003906250000e+02
3.733811950683593750e+02
3.925419311523437500e+02
6.996768951416015625e+01
6.506495971679687500e+02
3.430871582031250000e+02
6.923281860351562500e+02
5.623298339843750000e+02
4.937724304199218750e+02
2.045851593017578125e+02
5.538527832031250000e+02
4.278669433593750000e+02
3.654290161132812500e+02
8.049987792968750000e+02
4.976840515136718750e+02
3.903407287597656250e+02
4.554301757812500000e+02
5.485702514648437500e+01
1.685605163574218750e+02
3.011422729492187500e+02
6.296832275390625000e+02
2.876204528808593750e+02
6.748114776611328125e+01
2.118618469238281250e+02
6.539914550781250000e+02
4.930971984863281250e+02
6.088521118164062500e+02
1.660777130126953125e+02
2.104744110107421875e+02
3.958173217773437500e+02
4.779268493652343750e+02
7.416027221679687500e+02
5.126087036132812500e+02
4.370155639648437500e+02
4.888810119628906250e+02
3.197611083984375000e+02
3.348885192871093750e+02
4.322136535644531250e+02
3.345763244628906250e+02
2.761162719726562500e+02
3.610511779785156250e+02
2.762643432617187500e+02
6.014329833984375000e+02
5.586170043945312500e+02
3.175434570312500000e+02
5.062790222167968750e+02
1.715887145996093750e+02
4.069975585937500000e+02
4.474533386230468750e+02
8.220026855468750000e+02
6.865763549804687500e+02
3.537285156250000000e+02
4.652823486328125000e+02
9.278686523437500000e+02
3.248508300781250000e+02
1.739594268798828125e+02
2.420983734130859375e+02
5.375910644531250000e+02
3.823058776855468750e+02
4.958340759277343750e+02
3.678078308105468750e+02
3.239413146972656250e+02
4.733903503417968750e+02
5.061515808105468750e+02
4.812185058593750000e+02
3.638049621582031250e+02
6.074001464843750000e+02
5.064469604492187500e+02
4.225437011718750000e+02
4.628115234375000000e+02
7.209134521484375000e+02
8.414813842773437500e+02
6.992241210937500000e+02
3.161593933105468750e+02
4.449004211425781250e+02
4.036277770996093750e+02
5.571099853515625000e+02
3.919414672851562500e+02
3.150219421386718750e+02
8.370043945312500000e+02
4.400816040039062500e+02
6.765427246093750000e+02
2.991501770019531250e+02
1.564717407226562500e+02
7.895311279296875000e+02
1.486444854736328125e+02
6.847257690429687500e+02
2.697633361816406250e+01
5.017141113281250000e+02
1.828413085937500000e+02
5.740914916992187500e+02
8.061909484863281250e+01
4.594529113769531250e+02
7.741629638671875000e+02
3.742597961425781250e+02
2.611849975585937500e+02
4.839062500000000000e+02
8.052462005615234375e+01
9.511016082763671875e+01
7.596817016601562500e+02
6.544191894531250000e+02
6.033804321289062500e+02
6.433963623046875000e+02
3.867094116210937500e+02
3.190189208984375000e+02
5.682522583007812500e+02
3.007071533203125000e+02
6.829296875000000000e+02
5.739774780273437500e+02
4.733869628906250000e+02
2.369750518798828125e+02
2.341967010498046875e+02
4.152485656738281250e+02
6.080646972656250000e+02
1.771776885986328125e+02
6.949299621582031250e+01
4.112308044433593750e+02
1.437538604736328125e+02
7.740844726562500000e+02
6.513891601562500000e+02
7.457066040039062500e+02
4.664746398925781250e+02
5.045293273925781250e+02
5.042601776123046875e+01
5.881627197265625000e+02
6.644567260742187500e+02
8.207990112304687500e+02
4.303053283691406250e+02
7.627235717773437500e+02
8.245288696289062500e+02
1.515729217529296875e+02
2.933559265136718750e+02
4.449288635253906250e+02
2.731103515625000000e+02
8.861819458007812500e+02
5.301882324218750000e+02
5.455204467773437500e+02
1.848222045898437500e+02
6.458361206054687500e+02
5.558916625976562500e+02
4.253821716308593750e+02
9.123080444335937500e+02
9.420679321289062500e+02
7.914019775390625000e+02
7.856996459960937500e+02
7.199107055664062500e+02
7.124140014648437500e+02
8.923657836914062500e+02
8.650534057617187500e+01
3.454205932617187500e+02
1.271056365966796875e+02
4.709823913574218750e+02
1.220678329467773438e+02
4.096034545898437500e+02
2.595175170898437500e+02
9.330276489257812500e+02
7.638577880859375000e+02
2.460965423583984375e+02
3.020656127929687500e+02
4.247898254394531250e+02
4.022137451171875000e+02
4.056764831542968750e+02
3.802375793457031250e+02
4.998448486328125000e+02
5.464859619140625000e+02
8.040258178710937500e+02
4.488995056152343750e+02
2.664734191894531250e+02
8.402034301757812500e+02
5.833548583984375000e+02
8.938338623046875000e+02
2.279747619628906250e+02
6.538525390625000000e+02
6.758317871093750000e+02
5.172792968750000000e+02
2.910679626464843750e+02
7.230591430664062500e+02
1.965091094970703125e+02
1.488954620361328125e+02
2.147498931884765625e+02
7.353218383789062500e+02
3.463387145996093750e+02
6.687979736328125000e+02
3.780916748046875000e+02
4.706558227539062500e+02
4.407405395507812500e+02
5.719332275390625000e+02
4.831553344726562500e+02
5.491439208984375000e+02
8.005446777343750000e+02
1.180674972534179688e+02
5.891153564453125000e+02
2.973829956054687500e+02
1.497736206054687500e+02
1.875686035156250000e+02
4.148923110961914062e+01
6.232994384765625000e+02
1.945282287597656250e+02
4.653255615234375000e+02
3.123631591796875000e+02
2.157381286621093750e+02
3.378836975097656250e+02
2.857004699707031250e+02
5.903458404541015625e+01
6.728246307373046875e+01
8.449648437500000000e+02
2.907501831054687500e+02
4.997604064941406250e+02
2.910404968261718750e+02
6.543753662109375000e+02
4.919641494750976562e+01
7.221803588867187500e+02
1.965657653808593750e+02
6.472557983398437500e+02
9.245762329101562500e+02
1.658111877441406250e+02
7.903948364257812500e+02
3.797579956054687500e+02
7.481848754882812500e+02
6.385617065429687500e+02
6.465156860351562500e+02
3.073149719238281250e+02
2.559895019531250000e+02
4.231794128417968750e+02
1.869300994873046875e+02
3.383227844238281250e+02
3.121394348144531250e+02
1.907504882812500000e+02
2.113594818115234375e+02
5.879810180664062500e+02
1.807506713867187500e+02
3.396919250488281250e+02
1.582547454833984375e+02
2.166109161376953125e+02
3.056033935546875000e+02
1.622132110595703125e+02
3.926936035156250000e+02
2.568719177246093750e+02
4.558042907714843750e+02
5.229832763671875000e+02
2.658599548339843750e+02
4.237553100585937500e+02
5.723677978515625000e+02
2.888009033203125000e+02
5.386106567382812500e+02
6.194345703125000000e+02
4.625352783203125000e+02
2.860556335449218750e+02
3.302462768554687500e+02
3.883781738281250000e+02
2.844065551757812500e+02
1.414505767822265625e+02
6.930676269531250000e+02
6.297862548828125000e+02
4.606204223632812500e+02
5.974244384765625000e+02
7.152865600585937500e+02
6.588266754150390625e+01
5.812064208984375000e+02
4.419565429687500000e+02
2.600657653808593750e+02
3.052957458496093750e+02
2.206092834472656250e+02
3.496528015136718750e+02
3.461042785644531250e+02
7.037269897460937500e+02
3.328619384765625000e+02
6.875584106445312500e+02
3.859906311035156250e+02
8.047827148437500000e+02
4.729279785156250000e+02
6.522907714843750000e+02
4.262252197265625000e+02
1.239253158569335938e+02
1.323898620605468750e+02
7.958402709960937500e+02
3.023881835937500000e+02
2.719506835937500000e+02
5.931758422851562500e+02
8.527751464843750000e+02
5.830695190429687500e+02
7.207664184570312500e+02
3.563746948242187500e+02
1.003468200683593750e+03
4.555857543945312500e+02
7.788860473632812500e+02
4.248058471679687500e+02
2.520901336669921875e+02
2.901524658203125000e+02
2.288585968017578125e+02
5.465309448242187500e+02
1.178595428466796875e+02
1.183733276367187500e+03
4.062368774414062500e+02
9.094985961914062500e+02
3.646588134765625000e+02
2.315928955078125000e+02
3.577699890136718750e+02
6.680596923828125000e+02
2.971653747558593750e+02
3.872694396972656250e+02
3.293359375000000000e+02
5.806862792968750000e+02
2.823973693847656250e+02
3.461116333007812500e+02
3.990827026367187500e+02
5.772181396484375000e+02
3.965271606445312500e+02
3.234147033691406250e+02
6.599680175781250000e+02
7.757568359375000000e+02
4.443183898925781250e+02
7.919016265869140625e+01
2.024200134277343750e+02
1.031865722656250000e+03
4.452719116210937500e+02
2.446295471191406250e+02
9.805084838867187500e+02
6.047567749023437500e+02
1.246685485839843750e+02
4.022458801269531250e+02
1.941191406250000000e+02
7.047964477539062500e+02
9.327538299560546875e+01
2.289784545898437500e+02
6.445960083007812500e+02
1.413053131103515625e+02
3.009199523925781250e+02
3.651431579589843750e+02
2.839934997558593750e+02
2.579940795898437500e+02
3.139667053222656250e+02
4.034266357421875000e+02
7.063841552734375000e+02
4.067545471191406250e+02
6.363479003906250000e+02
4.552002563476562500e+02
2.709814453125000000e+02
2.462439727783203125e+02
8.259244537353515625e+01
3.587335205078125000e+02
5.849609375000000000e+02
4.812307434082031250e+02
3.730629272460937500e+02
1.760918884277343750e+02
7.395718994140625000e+02
3.957269897460937500e+02
4.509890747070312500e+02
3.994890747070312500e+02
1.097474899291992188e+02
2.721224975585937500e+02
2.911275024414062500e+02
3.830624389648437500e+02
8.840856323242187500e+02
1.872638244628906250e+02
3.719987487792968750e+02
2.718913879394531250e+02
2.512753295898437500e+02
6.934403076171875000e+02
5.897849731445312500e+02
5.536045532226562500e+02
2.973007507324218750e+02
7.284575195312500000e+02
1.180837554931640625e+02
6.601090698242187500e+02
4.397114562988281250e+02
2.074440460205078125e+02
3.861775207519531250e+02
7.504049072265625000e+02
6.109205932617187500e+02
6.245612182617187500e+02
5.346580810546875000e+02
1.283884429931640625e+02
3.019968872070312500e+02
9.151567993164062500e+02
9.668714904785156250e+01
3.828027648925781250e+02
1.738262176513671875e+01
7.854870605468750000e+02
3.955522155761718750e+02
5.809545288085937500e+02
4.092784118652343750e+02
1.143377685546875000e+03
2.582969360351562500e+02
1.997362060546875000e+02
4.786134338378906250e+02
2.489886474609375000e+02
4.951704711914062500e+02
1.509882507324218750e+02
5.771643676757812500e+02
7.474702148437500000e+02
5.690488891601562500e+02
5.166112060546875000e+02
4.827752304077148438e+01
9.003090209960937500e+02
6.554539794921875000e+02
3.554112854003906250e+02
2.244878234863281250e+02
1.189700683593750000e+03
1.786446685791015625e+02
8.549595947265625000e+02
4.408291931152343750e+02
4.032741699218750000e+02
4.388231201171875000e+02
3.055116271972656250e+02
6.771121826171875000e+02
5.364862060546875000e+02
2.738029479980468750e+02
1.637789001464843750e+02
1.056596298217773438e+02
8.235375366210937500e+02
4.074370422363281250e+02
6.221983642578125000e+02
5.777944335937500000e+02
2.619308090209960938e+01
4.794096679687500000e+02
2.740025024414062500e+02
1.954333496093750000e+02
3.149281005859375000e+02
8.947278594970703125e+01
5.903778686523437500e+02
6.166904907226562500e+02
7.084429931640625000e+02
3.737460632324218750e+02
1.604234161376953125e+02
2.615210876464843750e+02
3.447122802734375000e+02
2.274362030029296875e+02
5.990458374023437500e+02
6.154371948242187500e+02
2.074785461425781250e+02
4.118237915039062500e+02
9.596481323242187500e+01
1.888557281494140625e+02
8.212861633300781250e+01
3.675825195312500000e+02
6.630114135742187500e+02
4.932889099121093750e+02
5.703642578125000000e+02
4.750627746582031250e+02
7.082329711914062500e+02
2.773633422851562500e+02
2.153159179687500000e+02
3.627058105468750000e+02
1.082194595336914062e+02
6.825248413085937500e+02
5.981145629882812500e+02
5.757636718750000000e+02
6.525664062500000000e+02
8.484954833984375000e+02
8.384176635742187500e+02
1.063746582031250000e+03
3.268761291503906250e+02
5.989719238281250000e+02
7.006885375976562500e+02
5.699569091796875000e+02
1.927486267089843750e+02
2.798442687988281250e+02
5.704232177734375000e+02
7.420444946289062500e+02
1.728055877685546875e+02
1.013739852905273438e+02
1.922357330322265625e+02
7.580872344970703125e+01
5.506871948242187500e+02
4.221321105957031250e+02
7.260932006835937500e+02
5.090788574218750000e+02
2.861354980468750000e+02
2.692594909667968750e+02
1.936254272460937500e+02
4.592793884277343750e+02
5.772195434570312500e+02
1.041071899414062500e+03
4.870484619140625000e+02
1.252503204345703125e+02
2.249651947021484375e+02
2.177373657226562500e+02
9.660087585449218750e+01
3.655075988769531250e+02
2.248904724121093750e+02
4.096140441894531250e+02
2.882788391113281250e+02
3.254382019042968750e+02
7.034425659179687500e+02
3.495737915039062500e+02
7.536166992187500000e+02
2.365821685791015625e+02
2.718786315917968750e+02
5.418663940429687500e+02
5.318732910156250000e+02
5.663527832031250000e+02
4.759081115722656250e+02
5.803911132812500000e+02
3.954781799316406250e+02
5.296779174804687500e+02
2.388960418701171875e+02
4.419913635253906250e+02
1.793925781250000000e+02
2.905594482421875000e+02
1.315235748291015625e+02
4.748981628417968750e+02
1.141422363281250000e+03
6.208861694335937500e+02
5.793947143554687500e+02
1.869460754394531250e+02
7.124035034179687500e+02
6.865360717773437500e+02
5.300373535156250000e+02
4.148507080078125000e+02
4.831337585449218750e+02
3.305568542480468750e+02
4.803819885253906250e+02
4.160545654296875000e+02
6.216629028320312500e+02
3.620596008300781250e+02
3.898955688476562500e+02
3.815303344726562500e+02
7.184437866210937500e+02
8.820247192382812500e+02
4.091721801757812500e+02
4.178682250976562500e+02
3.479902648925781250e+02
5.334542846679687500e+02
7.226347045898437500e+02
2.678425292968750000e+02
9.382282257080078125e+01
1.817339019775390625e+02
2.815250244140625000e+02
6.916348876953125000e+02
1.593111724853515625e+02
2.289378204345703125e+02
4.835558471679687500e+02
3.846831359863281250e+02
2.678691406250000000e+02
6.141270751953125000e+02
1.473407592773437500e+02
5.172646484375000000e+02
7.751641235351562500e+02
3.192574157714843750e+02
5.633606338500976562e+01
2.636934814453125000e+02
2.641871337890625000e+02
2.200175628662109375e+02
2.239427185058593750e+02
9.125650024414062500e+02
7.229213256835937500e+02
4.001723327636718750e+02
6.015535888671875000e+02
4.579156494140625000e+02
4.334168395996093750e+02
3.385939941406250000e+02
1.896705780029296875e+02
4.572212524414062500e+02
4.672454833984375000e+02
3.063549194335937500e+02
5.637832031250000000e+02
2.628333129882812500e+02
5.776405639648437500e+02
2.691305236816406250e+02
5.576040039062500000e+02
2.469926757812500000e+02
4.608445434570312500e+02
6.028582153320312500e+02
2.902300415039062500e+02
5.356973266601562500e+02
1.090923309326171875e+02
2.593374328613281250e+02
3.902768859863281250e+02
3.194101867675781250e+02
5.657883300781250000e+02
8.315390014648437500e+02
1.147176132202148438e+02
2.230318450927734375e+02
7.314840087890625000e+02
6.287739257812500000e+02
7.182962036132812500e+02
1.914631958007812500e+02
1.703136749267578125e+02
5.090309448242187500e+02
7.208347167968750000e+02
5.056991882324218750e+02
6.079166870117187500e+02
5.880749511718750000e+02
1.207024002075195312e+02
1.144429565429687500e+03
2.375256042480468750e+02
3.004803771972656250e+02
5.878848876953125000e+02
4.045185546875000000e+02
3.313928222656250000e+02
4.562152404785156250e+02
4.593823547363281250e+02
6.602894897460937500e+02
6.574087524414062500e+02
6.050028686523437500e+02
8.172738647460937500e+02
3.695926513671875000e+02
3.466018371582031250e+02
6.329376220703125000e+02
2.939855346679687500e+02
6.046312255859375000e+02
4.559064941406250000e+02
4.436613159179687500e+02
5.093559265136718750e+02
1.198269531250000000e+03
2.774124145507812500e+02
4.723472900390625000e+02
4.024524536132812500e+02
7.858969726562500000e+02
5.794692993164062500e+02
2.342918090820312500e+02
3.237504272460937500e+02
7.799754028320312500e+02
3.022189025878906250e+02
3.251781311035156250e+02
1.612119598388671875e+02
6.418430786132812500e+02
2.310743865966796875e+02
5.418078002929687500e+02
3.222829589843750000e+02
5.401046752929687500e+02
6.134511718750000000e+02
9.177255859375000000e+02
2.741924743652343750e+02
4.946892700195312500e+02
1.416431732177734375e+02
3.041048889160156250e+02
2.520072631835937500e+02
4.038334350585937500e+02
2.144622344970703125e+02
2.073501129150390625e+02
2.284853363037109375e+02
3.421034851074218750e+02
1.990978698730468750e+02
3.668440246582031250e+02
3.641053161621093750e+02
5.321525268554687500e+02
